36 -1 2 58 0 20 0 20 0 20 19 59 1 20 0 18 0 20 35 
19 36 2 28 0 19 0 20 0 18 10 90 0 20 1 19 3 20 51 
10 19 2 15 0 19 0 20 0 17 5 102 0 19 1 20 1 18 58 
5 10 2 7 0 9 0 20 0 6 2 109 2 19 3 17 0 17 61 
2 5 2 3 2 9 0 7 3 5 0 111 0 5 6 20 0 6 62 
0 2 1 0 2 9 0 7 3 5 0 0 -1 
62 2 2 110 2 5 10 19 0 2 0 0 -1 103 0 5 6 20 0 6 0 0 -1 
61 5 2 106 2 6 3 17 0 17 59 108 6 19 3 12 1 6 60 
59 2 2 105 2 6 13 17 1 17 0 0 -1 50 3 6 3 8 0 16 0 0 -1 
60 2 2 107 16 19 5 9 3 4 0 0 -1 9 6 12 3 12 1 6 0 0 -1 
58 10 2 95 0 19 1 19 1 17 54 101 0 18 1 20 2 18 57 
54 5 2 92 7 19 2 14 1 4 52 94 0 12 1 19 7 17 53 
52 2 2 36 19 19 3 14 1 1 0 0 -1 91 7 12 2 4 2 4 0 0 -1 
53 2 1 93 0 10 1 17 13 16 0 0 -1 
57 5 2 100 0 12 4 20 7 17 56 97 4 18 1 18 2 18 55 
56 2 2 99 0 12 15 20 8 10 0 0 -1 85 2 12 4 19 7 17 0 0 -1 
55 2 2 84 18 18 1 16 2 18 0 0 -1 96 4 6 1 18 6 12 0 0 -1 
51 19 2 89 0 20 1 19 7 20 50 71 0 16 1 19 3 20 43 
50 10 2 88 0 20 4 19 7 17 49 79 1 16 1 13 7 20 46 
49 5 2 81 1 20 9 19 9 17 47 87 0 12 4 19 7 17 48 
47 2 2 80 1 20 9 14 17 17 0 0 -1 74 17 20 9 19 9 11 0 0 -1 
48 2 1 86 0 5 15 16 11 17 0 0 -1 
46 5 2 76 1 14 1 5 18 20 44 78 1 16 1 13 7 16 45 
44 2 1 75 1 14 1 5 18 20 0 0 -1 
45 2 2 77 11 13 5 13 12 16 0 0 -1 1 1 16 1 13 7 13 0 0 -1 
43 10 2 70 7 16 1 17 3 20 42 64 0 16 1 19 3 16 39 
42 5 2 69 7 13 1 12 9 20 41 67 7 16 4 17 3 16 40 
41 2 2 65 10 13 5 12 17 17 0 0 -1 68 7 8 1 8 9 20 0 0 -1 
40 2 2 47 10 15 8 17 3 16 0 0 -1 66 7 16 4 10 3 16 0 0 -1 
39 5 2 61 4 15 3 17 3 16 37 63 0 16 1 19 4 13 38 
37 2 2 60 4 4 3 4 9 15 0 0 -1 73 3 7 12 15 13 16 0 0 -1 
38 2 1 62 0 14 17 19 4 8 0 0 -1 
35 36 2 57 4 19 0 18 1 20 34 29 1 20 0 18 0 19 18 
34 19 2 42 6 19 0 14 1 16 26 56 4 19 1 18 3 20 33 
26 10 2 41 6 19 3 14 1 15 25 35 6 19 0 13 4 16 22 
25 5 2 40 6 18 3 12 3 15 24 37 6 19 3 14 1 6 23 
24 2 2 33 6 6 7 7 4 15 0 0 -1 39 8 18 3 12 3 10 0 0 -1 
23 2 1 104 10 18 8 12 1 2 0 0 -1 
22 5 2 32 9 19 0 13 7 7 20 34 6 12 0 7 4 16 21 
20 2 1 31 9 19 0 13 7 7 0 0 -1 
21 2 2 30 10 12 0 6 13 16 0 0 -1 46 9 15 0 14 5 6 0 0 -1 
33 10 2 49 4 19 4 18 3 20 29 55 4 17 1 17 3 20 32 
29 5 2 45 16 19 18 18 16 17 27 48 4 16 4 17 3 20 28 
27 2 1 44 16 19 18 18 16 17 0 0 -1 
28 2 2 43 4 16 4 8 6 20 0 0 -1 83 6 13 17 17 2 15 0 0 -1 
32 5 2 52 12 17 10 15 12 19 30 54 4 15 1 17 3 20 31 
30 2 1 51 12 17 10 15 12 19 0 0 -1 
31 2 1 53 4 8 1 9 8 20 0 0 -1 
18 19 2 16 1 20 0 18 0 19 9 27 2 20 0 17 3 19 17 
9 10 2 14 6 20 0 17 0 19 8 8 1 20 0 18 0 17 4 
8 5 2 13 15 19 0 17 0 19 7 10 6 20 3 14 0 6 6 
7 2 1 11 17 18 9 13 0 12 0 0 -1 
6 2 2 5 17 20 4 14 0 0 0 0 -1 82 7 16 4 7 0 12 0 0 -1 
4 5 2 4 5 5 0 18 16 17 1 6 1 20 1 14 0 13 3 
1 2 1 2 5 5 0 18 16 17 0 0 -1 
3 2 1 98 1 4 2 6 6 17 0 0 -1 
17 10 2 21 9 20 0 17 5 19 13 26 2 19 0 17 3 19 16 
13 5 2 18 10 20 0 6 9 12 11 20 9 19 0 17 5 19 12 
11 2 1 17 10 20 0 6 9 12 0 0 -1 
12 2 2 19 9 10 7 13 17 19 0 0 -1 38 13 17 7 9 13 18 0 0 -1 
16 5 2 23 2 4 12 12 5 10 14 25 4 19 0 17 3 19 15 
14 2 2 22 2 4 12 12 5 10 0 0 -1 72 4 20 12 12 12 18 0 0 -1 
15 2 2 12 15 19 0 17 5 19 0 0 -1 24 4 19 1 1 3 19 0 0 -1 
